       75.000000      0.21230315
       75.100000      0.21143542
       75.200000      0.21057025
       75.300000      0.20970765
       75.400000      0.20884761
       75.500000      0.20799013
       75.600000      0.20770138
       75.700000      0.20803590
       75.800000      0.20837002
       75.900000      0.20870376
       76.000000      0.20903711
       76.100000      0.20937006
       76.200000      0.20970263
       76.300000      0.21003481
       76.400000      0.21036660
       76.500000      0.21069799
       76.600000      0.21102900
       76.700000      0.21135962
       76.800000      0.21168984
       76.900000      0.21201968
       77.000000      0.21234912
       77.100000      0.21204229
       77.200000      0.21063736
       77.300000      0.20923915
       77.400000      0.20784764
       77.500000      0.20646280
       77.600000      0.20508463
       77.700000      0.20371309
       77.800000      0.20234818
       77.900000      0.20098985
       78.000000      0.19963811
       78.100000      0.19829292
       78.200000      0.19695427
       78.300000      0.19562213
       78.400000      0.19429649
       78.500000      0.19297732
       78.600000      0.19251655
       78.700000      0.19455221
       78.800000      0.19660368
       78.900000      0.19867103
       79.000000      0.20075435
       79.100000      0.20285372
       79.200000      0.20496922
       79.300000      0.20710092
       79.400000      0.20924892
       79.500000      0.21141328
       79.600000      0.21359409
       79.700000      0.21579144
       79.800000      0.21800541
       79.900000      0.22023607
       80.000000      0.22248350
       80.100000      0.22447879
       80.200000      0.22489461
       80.300000      0.22531030
       80.400000      0.22572584
       80.500000      0.22614124
       80.600000      0.22655649
       80.700000      0.22697161
       80.800000      0.22738658
       80.900000      0.22780140
       81.000000      0.22821607
       81.100000      0.22863060
       81.200000      0.22904498
       81.300000      0.22945922
       81.400000      0.22987330
       81.500000      0.23028723
       81.600000      0.23066135
       81.700000      0.22992597
       81.800000      0.22919136
       81.900000      0.22845752
       82.000000      0.22772447
       82.100000      0.22699221
       82.200000      0.22626074
       82.300000      0.22553007
       82.400000      0.22480019
       82.500000      0.22407112
       82.600000      0.22334285
       82.700000      0.22261540
       82.800000      0.22188876
       82.900000      0.22116295
       83.000000      0.22043796
       83.100000      0.21971379
       83.200000      0.21775140
       83.300000      0.21570099
       83.400000      0.21366479
       83.500000      0.21164272
       83.600000      0.20963471
       83.700000      0.20764072
       83.800000      0.20566067
       83.900000      0.20369450
       84.000000      0.20174214
       84.100000      0.19980354
       84.200000      0.19787863
       84.300000      0.19596734
       84.400000      0.19406962
       84.500000      0.19218539
       84.600000      0.19031461
       84.700000      0.19001041
       84.800000      0.19006260
       84.900000      0.19011430
       85.000000      0.19016550
       85.100000      0.19021621
       85.200000      0.19026642
       85.300000      0.19031613
       85.400000      0.19036535
       85.500000      0.19041406
       85.600000      0.19046228
       85.700000      0.19050999
       85.800000      0.19055721
       85.900000      0.19060392
       86.000000      0.19065013
       86.100000      0.19069584
       86.200000      0.19113412
       86.300000      0.19173919
       86.400000      0.19234546
       86.500000      0.19295296
       86.600000      0.19356167
       86.700000      0.19417160
       86.800000      0.19478275
       86.900000      0.19539512
       87.000000      0.19600872
       87.100000      0.19662354
       87.200000      0.19723958
       87.300000      0.19785685
       87.400000      0.19847535
       87.500000      0.19909508
       87.600000      0.19971604
       87.700000      0.19952347
       87.800000      0.19877250
       87.900000      0.19802271
       88.000000      0.19727411
       88.100000      0.19652669
       88.200000      0.19578047
       88.300000      0.19503543
       88.400000      0.19429158
       88.500000      0.19354893
       88.600000      0.19280747
       88.700000      0.19206720
       88.800000      0.19132814
       88.900000      0.19059027
       89.000000      0.18985360
       89.100000      0.18911813
       89.200000      0.18923067
       89.300000      0.19025382
       89.400000      0.19127949
       89.500000      0.19230766
       89.600000      0.19333834
       89.700000      0.19437152
       89.800000      0.19540720
       89.900000      0.19644538
       90.000000      0.19748606
       90.100000      0.19852925
       90.200000      0.19957492
       90.300000      0.20062309
       90.400000      0.20167376
       90.500000      0.20272692
       90.600000      0.20378256
       90.700000      0.20405877
       90.800000      0.20301863
       90.900000      0.20198237
       91.000000      0.20094999
       91.100000      0.19992148
       91.200000      0.19889683
       91.300000      0.19787603
       91.400000      0.19685907
       91.500000      0.19584595
       91.600000      0.19483664
       91.700000      0.19383115
       91.800000      0.19282946
       91.900000      0.19183157
       92.000000      0.19083745
       92.100000      0.18984712
       92.200000      0.18922311
       92.300000      0.18962384
       92.400000      0.19002493
       92.500000      0.19042635
       92.600000      0.19082813
       92.700000      0.19123025
       92.800000      0.19163271
       92.900000      0.19203552
       93.000000      0.19243867
       93.100000      0.19284217
       93.200000      0.19324601
       93.300000      0.19365020
       93.400000      0.19405473
       93.500000      0.19445960
       93.600000      0.19486482
       93.700000      0.19524175
       93.800000      0.19545769
       93.900000      0.19567305
       94.000000      0.19588782
       94.100000      0.19610201
       94.200000      0.19631562
       94.300000      0.19652864
       94.400000      0.19674107
       94.500000      0.19695292
       94.600000      0.19716417
       94.700000      0.19737483
       94.800000      0.19758489
       94.900000      0.19779436
       95.000000      0.19800324
       95.100000      0.19821152
       95.200000      0.19840901
       95.300000      0.19836634
       95.400000      0.19832338
       95.500000      0.19828013
       95.600000      0.19823658
       95.700000      0.19819275
       95.800000      0.19814863
       95.900000      0.19810421
       96.000000      0.19805951
       96.100000      0.19801452
       96.200000      0.19796924
       96.300000      0.19792367
       96.400000      0.19787781
       96.500000      0.19783167
       96.600000      0.19778524
       96.700000      0.19773852
       96.800000      0.19710805
       96.900000      0.19643531
       97.000000      0.19576403
       97.100000      0.19509422
       97.200000      0.19442586
       97.300000      0.19375896
       97.400000      0.19309352
       97.500000      0.19242953
       97.600000      0.19176699
       97.700000      0.19110590
       97.800000      0.19044625
       97.900000      0.18978806
       98.000000      0.18913131
       98.100000      0.18847600
       98.200000      0.18782214
       98.300000      0.18614335
       98.400000      0.18425137
       98.500000      0.18237253
       98.600000      0.18050679
       98.700000      0.17865408
       98.800000      0.17681436
       98.900000      0.17498756
       99.000000      0.17317365
       99.100000      0.17137255
       99.200000      0.16958422
       99.300000      0.16780861
       99.400000      0.16604566
       99.500000      0.16429532
       99.600000      0.16255753
       99.700000      0.16083224
       99.800000      0.15970707
       99.900000      0.15882607
       100.00000      0.15794711
       100.10000      0.15707020
       100.20000      0.15619532
       100.30000      0.15532249
       100.40000      0.15445170
       100.50000      0.15358294
       100.60000      0.15271621
       100.70000      0.15185151
       100.80000      0.15098884
       100.90000      0.15012819
       101.00000      0.14926957
       101.10000      0.14841296
       101.20000      0.14755838
       101.30000      0.14719578
       101.40000      0.14716072
       101.50000      0.14712475
       101.60000      0.14708787
       101.70000      0.14705009
       101.80000      0.14701138
       101.90000      0.14697176
       102.00000      0.14693122
       102.10000      0.14688976
       102.20000      0.14684738
       102.30000      0.14680407
       102.40000      0.14675983
       102.50000      0.14671466
       102.60000      0.14666855
       102.70000      0.14662152
       102.80000      0.14601103
       102.90000      0.14481031
       103.00000      0.14360758
       103.10000      0.14240288
       103.20000      0.14119623
       103.30000      0.13998766
       103.40000      0.13877720
       103.50000      0.13756486
       103.60000      0.13635068
       103.70000      0.13513468
       103.80000      0.13391689
       103.90000      0.13269733
       104.00000      0.13147604
       104.10000      0.13025303
       104.20000      0.12902833
       104.30000      0.12698052
       104.40000      0.12360556
       104.50000      0.12026426
       104.60000      0.11695651
       104.70000      0.11368217
       104.80000      0.11044114
       104.90000      0.10723328

